# Array shape: (3, 15, 10)
58.00   42.00   38.00   241.00  191.00  111.00  47.00   248.00  248.00  248.00 
248.00  248.00  248.00  60.00   248.00  248.00  248.00  84.00   250.00  248.00 
129.00  151.00  31.00   248.00  91.00   82.00   78.00   248.00  250.00  78.00  
76.00   46.00   189.00  245.00  245.00  245.00  50.00   82.00   245.00  245.00 
245.00  95.00   151.00  60.00   151.00  231.00  245.00  190.00  83.00   199.00 
100.00  240.00  209.00  245.00  149.00  216.00  70.00   245.00  189.00  245.00 
136.00  48.00   41.00   244.00  244.00  244.00  50.00   95.00   244.00  244.00 
70.00   245.00  247.00  159.00  247.00  155.00  244.00  31.00   244.00  97.00  
100.00  77.00   52.00   244.00  53.00   244.00  70.00   244.00  53.00   244.00 
114.00  50.00   38.00   243.00  188.00  162.00  50.00   55.00   192.00  243.00 
243.00  243.00  243.00  60.00   243.00  243.00  243.00  49.00   243.00  148.00 
100.00  70.00   31.00   243.00  90.00   243.00  70.00   193.00  60.00   243.00 
241.00  241.00  240.00  240.00  240.00  240.00  240.00  240.00  240.00  240.00 
210.00  210.00  243.00  244.00  242.00  240.00  243.00  241.00  214.00  240.00 
240.00  240.00  240.00  240.00  240.00  240.00  240.00  240.00  241.00  240.00 
65.00   50.00   46.00   241.00  194.00  116.00  54.00   248.00  248.00  248.00 
248.00  248.00  248.00  67.00   248.00  248.00  248.00  90.00   250.00  248.00 
133.00  155.00  39.00   248.00  97.00   88.00   84.00   248.00  250.00  84.00  
82.00   54.00   191.00  245.00  245.00  245.00  58.00   88.00   245.00  245.00 
245.00  100.00  155.00  67.00   155.00  232.00  245.00  192.00  89.00   201.00 
105.00  240.00  210.00  245.00  153.00  217.00  77.00   245.00  192.00  245.00 
140.00  55.00   49.00   244.00  244.00  244.00  58.00   100.00  244.00  244.00 
76.00   245.00  247.00  163.00  247.00  159.00  244.00  39.00   244.00  102.00 
105.00  83.00   60.00   244.00  60.00   244.00  77.00   244.00  60.00   244.00 
119.00  58.00   46.00   243.00  190.00  165.00  58.00   62.00   194.00  243.00 
243.00  243.00  243.00  67.00   243.00  243.00  243.00  56.00   243.00  152.00 
105.00  77.00   39.00   243.00  96.00   243.00  77.00   195.00  67.00   243.00 
241.00  241.00  240.00  240.00  240.00  240.00  240.00  240.00  240.00  240.00 
212.00  212.00  243.00  244.00  242.00  240.00  243.00  241.00  215.00  240.00 
240.00  240.00  240.00  240.00  240.00  240.00  240.00  240.00  241.00  240.00 
66.00   51.00   47.00   241.00  194.00  117.00  55.00   248.00  248.00  248.00 
248.00  248.00  248.00  68.00   248.00  248.00  248.00  91.00   250.00  248.00 
134.00  155.00  40.00   248.00  98.00   89.00   85.00   248.00  250.00  85.00  
83.00   55.00   191.00  245.00  245.00  245.00  59.00   89.00   245.00  245.00 
245.00  101.00  155.00  68.00   155.00  232.00  245.00  193.00  90.00   201.00 
106.00  240.00  211.00  245.00  154.00  217.00  78.00   245.00  192.00  245.00 
141.00  56.00   50.00   244.00  244.00  244.00  59.00   101.00  244.00  244.00 
77.00   245.00  247.00  163.00  247.00  159.00  244.00  40.00   244.00  103.00 
106.00  84.00   61.00   244.00  61.00   244.00  78.00   244.00  61.00   244.00 
120.00  58.00   46.00   243.00  190.00  165.00  58.00   63.00   194.00  243.00 
243.00  243.00  243.00  67.00   243.00  243.00  243.00  57.00   243.00  153.00 
106.00  77.00   40.00   243.00  96.00   243.00  77.00   195.00  68.00   243.00 
241.00  241.00  240.00  240.00  240.00  240.00  240.00  240.00  240.00  240.00 
212.00  212.00  243.00  244.00  242.00  240.00  243.00  241.00  216.00  240.00 
240.00  240.00  240.00  240.00  240.00  240.00  240.00  240.00  241.00  240.00 
# New slice
